65	48	48	54	49	48	48	1	0.00374125	
65	48	52	55	55	53	57	1	0.00374125	
65	49	51	52	48	54	55	1	0.00374125	
65	49	52	49	49	52	50	1	0.00374125	
65	49	54	51	52	53	57	1	0.00374125	
65	49	55	56	53	54	57	1	0.00374125	
65	49	56	57	53	57	50	1	0.00374125	
65	49	57	49	51	53	49	1	0.00374125	
65	49	57	55	56	49	48	1	0.00374125	
65	50	48	48	57	50	50	1	0.00374125	
	7691	28.774	
39	83	116	97	99	104	101	1	0.00374125	
48	48	55	1	0.00374125	
51	66	117	115	116	101	114	1	0.00374125	
65	97	114	111	110	1	0.00374125	
65	97	114	111	110	32	69	108	118	105	115	1	0.00374125	
65	98	98	97	100	111	110	1	0.00374125	
65	98	98	101	121	2	0.00748251	
65	98	98	105	101	3	0.0112238	
65	98	98	111	116	116	1	0.00374125	
50	48	49	51	45	49	48	45	48	49	32	48	57	58	51	49	58	48	48	1	0.00374125	
50	48	49	51	45	49	48	45	48	49	32	49	48	58	51	57	58	48	48	1	0.00374125	
50	48	49	51	45	49	48	45	48	49	32	49	48	58	52	52	58	48	48	1	0.00374125	
50	48	49	51	45	49	48	45	48	49	32	49	49	58	48	51	58	48	48	1	0.00374125	
50	48	49	51	45	49	48	45	48	49	32	49	49	58	49	50	58	48	48	1	0.00374125	
50	48	49	51	45	49	48	45	48	49	32	49	49	58	49	51	58	48	48	1	0.00374125	
50	48	49	51	45	49	48	45	48	49	32	49	49	58	53	48	58	48	48	1	0.00374125	
50	48	49	51	45	49	48	45	48	49	32	49	49	58	53	51	58	48	48	1	0.00374125	
50	48	49	51	45	49	48	45	48	49	32	49	50	58	48	53	58	48	48	1	0.00374125	
50	48	49	51	45	49	48	45	48	49	32	49	50	58	49	51	58	48	48	1	0.00374125	
65	100	111	112	116	105	111	110	10769	40.2896	
68	105	101	100	197	0.737027	
69	117	116	104	97	110	97	115	105	97	1555	5.81765	
82	101	116	117	114	110	95	116	111	95	111	119	110	101	114	4786	17.9056	
84	114	97	110	115	102	101	114	9422	35.2501	
	13612	50.926	
65	103	103	114	101	115	115	105	118	101	320	1.1972	
65	116	32	86	101	116	4	0.014965	
66	97	114	110	2	0.00748251	
66	101	104	97	118	105	111	114	86	0.321748	
67	111	117	114	116	47	73	110	118	101	115	116	105	103	97	116	105	111	110	6	0.0224475	
69	110	114	111	117	116	101	8	0.02993	
70	111	115	116	101	114	1800	6.73426	
73	110	32	70	111	115	116	101	114	52	0.194545	
73	110	32	75	101	110	110	101	108	114	0.426503	
67	97	116	11134	41.6551	
68	111	103	15595	58.3449	
	1	0.00374125	
73	110	116	97	99	116	32	70	101	109	97	108	101	3511	13.1355	
73	110	116	97	99	116	32	77	97	108	101	3525	13.1879	
78	101	117	116	101	114	101	100	32	77	97	108	101	9779	36.5857	
83	112	97	121	101	100	32	70	101	109	97	108	101	8820	32.9979	
85	110	107	110	111	119	110	1093	4.08919	
	18	0.0673426	
48	32	121	101	97	114	115	22	0.0823076	
49	32	100	97	121	66	0.246923	
49	32	109	111	110	116	104	1281	4.79255	
49	32	119	101	101	107	146	0.546223	
49	32	119	101	101	107	115	171	0.639755	
49	32	121	101	97	114	3969	14.849	
49	48	32	109	111	110	116	104	115	457	1.70975	
49	48	32	121	101	97	114	115	446	1.6686	
49	49	32	109	111	110	116	104	115	166	0.621048	
65	98	121	115	115	105	110	105	97	110	32	77	105	120	2	0.00748251	
65	102	102	101	110	112	105	110	115	99	104	101	114	32	77	105	120	6	0.0224475	
65	102	103	104	97	110	32	72	111	117	110	100	32	77	105	120	1	0.00374125	
65	105	114	101	100	97	108	101	32	84	101	114	114	105	101	114	1	0.00374125	
65	105	114	101	100	97	108	101	32	84	101	114	114	105	101	114	32	77	105	120	5	0.0187063	
65	105	114	101	100	97	108	101	32	84	101	114	114	105	101	114	47	76	97	98	114	97	100	111	114	32	82	101	116	114	105	101	118	101	114	1	0.00374125	
65	105	114	101	100	97	108	101	32	84	101	114	114	105	101	114	47	77	105	110	105	97	116	117	114	101	32	83	99	104	110	97	117	122	101	114	1	0.00374125	
65	107	105	116	97	3	0.0112238	
65	107	105	116	97	32	77	105	120	11	0.0411538	
65	107	105	116	97	47	65	117	115	116	114	97	108	105	97	110	32	67	97	116	116	108	101	32	68	111	103	1	0.00374125	
65	103	111	117	116	105	1	0.00374125	
65	103	111	117	116	105	47	66	114	111	119	110	32	84	97	98	98	121	1	0.00374125	
65	112	114	105	99	111	116	21	0.0785664	
65	112	114	105	99	111	116	47	66	114	111	119	110	2	0.00748251	
65	112	114	105	99	111	116	47	87	104	105	116	101	3	0.0112238	
66	108	97	99	107	2292	8.57496	
66	108	97	99	107	32	66	114	105	110	100	108	101	20	0.0748251	
66	108	97	99	107	32	66	114	105	110	100	108	101	47	66	108	97	99	107	1	0.00374125	
66	108	97	99	107	32	66	114	105	110	100	108	101	47	66	114	111	119	110	3	0.0112238	
66	108	97	99	107	32	66	114	105	110	100	108	101	47	66	114	111	119	110	32	66	114	105	110	100	108	101	1	0.00374125	
